
SYMMETRICAL COMPONENT VOLTAGES BY BUS (for 3-phase buses)

Bus           Mag:   V1 (kV)    p.u.     V2 (kV)   %V2/V1    V0 (kV)    %V0/V1

trans_equiv      7.613      0.999  0.0004065   0.005339 0.0003791  0.004979
k_lsb            7.691      1.009   0.005873    0.07637  0.006309   0.08203
k21              7.691      1.009   0.005873    0.07637  0.006309   0.08203
34097296         7.556     0.9915          0          0         0         0
10559391         7.556     0.9915          0          0         0         0
10558484         7.621          1          0          0         0         0
10558483         7.621          1          0          0         0         0
10548932         7.607     0.9982    0.01562     0.2054   0.03906    0.5134
10549227         7.607     0.9981    0.01565     0.2057   0.03912    0.5143
10548918         7.627      1.001     0.0124     0.1627   0.02879    0.3775
10548919         7.624          1    0.01291     0.1693   0.03041    0.3989
34092234         7.556     0.9914          0          0         0         0
34092313         7.555     0.9914          0          0         0         0
34095660         7.598      0.997    0.01535      0.202   0.03808    0.5012
34085491         7.598      0.997    0.01521     0.2002   0.03764    0.4953
34057797         7.532     0.9883          0          0         0         0
34054972         7.532     0.9883          0          0         0         0
10548007         7.592     0.9962    0.01715     0.2259   0.04157    0.5475
10579832         7.566     0.9928          0          0         0         0
34086311         7.559     0.9919          0          0         0         0
10559275         7.558     0.9918          0          0         0         0
10558476         7.533     0.9885    0.01935     0.2568    0.0435    0.5774
10558475         7.533     0.9885    0.01935     0.2568    0.0435    0.5774
10549222         7.601     0.9973    0.01583     0.2083   0.03962    0.5213
10549221           7.6     0.9973     0.0158     0.2079   0.03953    0.5201
10548912         7.665      1.006   0.007475    0.09753   0.01196     0.156
10548913          7.66      1.005   0.007622    0.09951   0.01252    0.1635
10559587         7.569     0.9931          0          0         0         0
34091314         7.569     0.9931          0          0         0         0
34085954         7.563     0.9924          0          0         0         0
34085468         7.559     0.9918          0          0         0         0
20344367         7.594     0.9965          0          0         0         0
34054966         7.594     0.9965          0          0         0         0
10558517         7.598      0.997    0.02236     0.2943   0.06069    0.7988
10558958         7.595     0.9966          0          0         0         0
10557802         7.674      1.007   0.006922     0.0902   0.01006    0.1311
10557182         7.673      1.007   0.006988    0.09108    0.0103    0.1342
20079696         7.571     0.9935          0          0         0         0
10549020         7.571     0.9934          0          0         0         0
34095590         7.673      1.007   0.007002    0.09126   0.01018    0.1327
10548907         7.673      1.007   0.007025    0.09156   0.01021     0.133
10548965         7.657      1.005   0.007668     0.1001   0.01247    0.1628
34090005         7.657      1.005    0.00766        0.1   0.01241     0.162
10548983         7.657      1.005          0          0         0         0
34085372         7.657      1.005          0          0         0         0
20416460         7.665      1.006          0          0         0         0
34054542         7.665      1.006          0          0         0         0
20396671         7.536     0.9888    0.01935     0.2568    0.0435    0.5772
10579447         7.536     0.9888    0.01935     0.2568    0.0435    0.5773
10558520         7.597     0.9968    0.02351     0.3095   0.06425    0.8457
10558583         7.642      1.003          0          0         0         0
34091315          7.57     0.9933          0          0         0         0
10555985          7.57     0.9933          0          0         0         0
10549011         7.598      0.997    0.01502     0.1977   0.03702    0.4872
10549010         7.598      0.997    0.01502     0.1977   0.03701    0.4871
34084951         7.593     0.9963    0.01705     0.2246   0.04142    0.5455
10558471          7.57     0.9933    0.01873     0.2474    0.0433    0.5721
34087255         7.569     0.9932    0.01875     0.2477    0.0433     0.572
10549294         7.591      0.996    0.01751     0.2307   0.04212    0.5548
34085341         7.591      0.996    0.01752     0.2308   0.04212    0.5549
34086019          7.56      0.992          0          0         0         0
20437313         7.558     0.9918          0          0         0         0
34085040         7.567     0.9929          0          0         0         0
10579118         7.564     0.9925          0          0         0         0
34086404         7.523     0.9872          0          0         0         0
10558577         7.522      0.987          0          0         0         0
10579019         7.589     0.9958    0.01859      0.245   0.04397    0.5794
10549426         7.628      1.001          0          0         0         0
10548987         7.678      1.007          0          0         0         0
10548988         7.678      1.007          0          0         0         0
10540779         7.598      0.997    0.01583     0.2083   0.03961    0.5212
10543795         7.597     0.9969    0.01601     0.2107   0.03998    0.5263
10558563         7.565     0.9927          0          0         0         0
34086801         7.565     0.9927          0          0         0         0
10549229         7.605     0.9979    0.01587     0.2086   0.03981    0.5235
34085286         7.605     0.9978    0.01587     0.2086   0.03981    0.5235
34095644         7.671      1.007   0.006908    0.09005   0.01062    0.1384
20396847         7.665      1.006          0          0         0         0
10574852         7.527     0.9876          0          0         0         0
10574854         7.527     0.9876          0          0         0         0
34086415         7.563     0.9923          0          0         0         0
10558570         7.563     0.9923          0          0         0         0
10549217         7.598      0.997    0.01506     0.1982   0.03714    0.4888
10549307         7.627      1.001          0          0         0         0
10548982         7.657      1.005          0          0         0         0
10549220         7.598      0.997     0.0158     0.2079   0.03955    0.5204
34086011         7.557     0.9916          0          0         0         0
40152453         7.557     0.9916          0          0         0         0
20344371         7.594     0.9965          0          0         0         0
34086794         7.594     0.9965          0          0         0         0
10549289         7.564     0.9926          0          0         0         0
34085048         7.564     0.9926          0          0         0         0
34084593         7.678      1.007          0          0         0         0
20350796         7.678      1.007          0          0         0         0
10573493         7.565     0.9927          0          0         0         0
10573492         7.565     0.9927          0          0         0         0
10558560         7.601     0.9974    0.01923      0.253   0.05058    0.6654
10558564         7.565     0.9927          0          0         0         0
10549274          7.59     0.9959     0.0183     0.2412   0.04343    0.5722
10549291         7.627      1.001          0          0         0         0
10548967         7.594     0.9965          0          0         0         0
10548968         7.594     0.9965          0          0         0         0
10561915         7.552      0.991          0          0         0         0
10532911         7.552      0.991          0          0         0         0
34086302         7.529      0.988          0          0         0         0
34097398         7.528     0.9878          0          0         0         0
34086403         7.598      0.997    0.02244     0.2953   0.06094     0.802
34085321         7.564     0.9925          0          0         0         0
34085042         7.563     0.9923          0          0         0         0
34055522         7.547     0.9903          0          0         0         0
20344333         7.547     0.9902          0          0         0         0
34086799         7.569     0.9931          0          0         0         0
10560618         7.569     0.9931          0          0         0         0
10558559          7.64      1.002          0          0         0         0
10558558          7.64      1.002          0          0         0         0
10549285         7.627      1.001          0          0         0         0
34085480         7.672      1.007   0.007041    0.09176   0.01028     0.134
10548960          7.68      1.008          0          0         0         0
10558524         7.599      0.997    0.02162     0.2846   0.05832    0.7675
10526890         7.599      0.997    0.02162     0.2846   0.05832    0.7675
34086805         7.555     0.9913          0          0         0         0
34097392         7.555     0.9913          0          0         0         0
10524061         7.521     0.9869          0          0         0         0
34086382         7.521     0.9869          0          0         0         0
34085037         7.589     0.9958    0.01892     0.2493   0.04462    0.5879
34085036         7.589     0.9957     0.0192     0.2529   0.04518    0.5954
34086405         7.569     0.9931          0          0         0         0
20251419         7.569     0.9931          0          0         0         0
34095649         7.655      1.004          0          0         0         0
10560337         7.654      1.004          0          0         0         0
10558549         7.599     0.9971          0          0         0         0
10558551         7.599      0.997          0          0         0         0
34085035          7.59     0.9959    0.01816     0.2393   0.04321    0.5693
10548909         7.672      1.007   0.007054    0.09195   0.01051     0.137
10548952         7.665      1.006          0          0         0         0
34086401         7.521     0.9869          0          0         0         0
34096115         7.601     0.9973    0.01959     0.2578   0.05175    0.6808
10558469         7.585     0.9953    0.01783     0.2351   0.04343    0.5726
34086318         7.585     0.9953    0.01785     0.2353   0.04343    0.5726
10579841         7.627      1.001          0          0         0         0
34084954         7.627      1.001          0          0         0         0
34085342         7.598      0.997    0.01571     0.2068   0.03928    0.5169
20079698         7.598      0.997    0.01571     0.2068   0.03928    0.5169
34084666         7.654      1.004          0          0         0         0
10559617         7.654      1.004          0          0         0         0
10558543         7.643      1.003          0          0         0         0
10558545         7.643      1.003          0          0         0         0
10549262         7.598      0.997          0          0         0         0
10549263         7.598      0.997          0          0         0         0
10548946         7.648      1.004          0          0         0         0
34085262         7.623          1          0          0         0         0
34095665         7.623          1          0          0         0         0
10559090         7.582     0.9949          0          0         0         0
34086306          7.58     0.9947          0          0         0         0
34095650         7.653      1.004          0          0         0         0
34084664         7.653      1.004          0          0         0         0
10548934          7.61     0.9986    0.01532     0.2013   0.03802    0.4996
20014991          7.61     0.9985    0.01535     0.2017   0.03807    0.5003
10559590         7.569     0.9932          0          0         0         0
10558515         7.599      0.997    0.02162     0.2846   0.05832    0.7675
10558525         7.599      0.997    0.02162     0.2846   0.05832    0.7675
34095666         7.569     0.9931          0          0         0         0
10549255         7.565     0.9927          0          0         0         0
34095581          7.63      1.001          0          0         0         0
10548940          7.63      1.001          0          0         0         0
10549219         7.598      0.997    0.01571     0.2068   0.03928    0.5169
34095659         7.598      0.997    0.01557     0.2049   0.03881    0.5107
10558522         7.596     0.9967    0.02398     0.3156   0.06574    0.8654
34086300         7.596     0.9967    0.02398     0.3156   0.06574    0.8654
34084602         7.672      1.007   0.006841    0.08917  0.009699    0.1264
34084601         7.672      1.007   0.006823    0.08894  0.009505    0.1239
10578709         7.628      1.001          0          0         0         0
10580378         7.628      1.001          0          0         0         0
34086007         7.597     0.9968          0          0         0         0
10559515         7.596     0.9967          0          0         0         0
10558518         7.598     0.9969    0.02255     0.2968   0.06126    0.8063
10549247         7.575      0.994          0          0         0         0
10549248         7.575      0.994          0          0         0         0
34090007          7.61     0.9985    0.01539     0.2023   0.03812    0.5009
10548933          7.61     0.9985     0.0154     0.2024   0.03813    0.5011
10560281         7.655      1.004          0          0         0         0
34095668         7.625      1.001          0          0         0         0
34086016         7.624          1          0          0         0         0
34054973         7.532     0.9883          0          0         0         0
10579976         7.521     0.9869          0          0         0         0
10579978         7.521     0.9869          0          0         0         0
10559399         7.556     0.9915          0          0         0         0
10559400         7.556     0.9915          0          0         0         0
10558510         7.602     0.9975    0.01807     0.2377   0.04685    0.6163
10558511         7.602     0.9975    0.01846     0.2429   0.04811    0.6329
10549243         7.637      1.002          0          0         0         0
10549241         7.637      1.002          0          0         0         0
20396846         7.671      1.007   0.006671    0.08696   0.01077    0.1404
10548927         7.671      1.007   0.006658    0.08679   0.01078    0.1405
10548906         7.673      1.007   0.006981    0.09098   0.01015    0.1323
10559558         7.598     0.9969          0          0         0         0
34054980         7.546     0.9902          0          0         0         0
34054979         7.546     0.9901          0          0         0         0
10549292         7.592     0.9962    0.01722     0.2268   0.04165    0.5487
10579844         7.627      1.001          0          0         0         0
10559267         7.569     0.9932          0          0         0         0
10559392         7.566     0.9928          0          0         0         0
10549228         7.606      0.998    0.01575     0.2071   0.03945    0.5187
34085402         7.616     0.9994    0.01424      0.187   0.03466     0.455
10548920         7.612     0.9988    0.01504     0.1976   0.03717    0.4883
34086319         7.557     0.9916          0          0         0         0
34095281         7.557     0.9916          0          0         0         0
10545431         7.595     0.9966    0.01649     0.2172   0.04073    0.5363
34085492         7.595     0.9966     0.0166     0.2186   0.04088    0.5382
20344331         7.532     0.9884          0          0         0         0
34084956         7.627      1.001          0          0         0         0
10579833         7.627      1.001          0          0         0         0
10559385         7.569     0.9932          0          0         0         0
10558473         7.533     0.9885    0.01935     0.2568    0.0435    0.5774
34085488         7.601     0.9974    0.01585     0.2085   0.03968    0.5221
34090004          7.66      1.005   0.007629    0.09959   0.01255    0.1638
10548914         7.657      1.005   0.007736      0.101   0.01295    0.1691
10549018          7.57     0.9933          0          0         0         0
10548931         7.608     0.9983    0.01561     0.2052   0.03897    0.5123
34085479         7.607     0.9982    0.01562     0.2053   0.03904    0.5132
34054968         7.532     0.9883          0          0         0         0
34054967         7.532     0.9883          0          0         0         0
10559040         7.591     0.9961          0          0         0         0
10572565         7.676      1.007   0.006793    0.08849   0.00959    0.1249
34095591         7.672      1.007   0.007042    0.09179   0.01044     0.136
10548908         7.672      1.007   0.007042    0.09178   0.01044    0.1361
34095589          7.61     0.9985    0.01539     0.2022   0.03812    0.5009
34085313         7.588     0.9957    0.01959     0.2581   0.04599    0.6061
34085401         7.588     0.9957     0.0196     0.2583   0.04602    0.6064
20344327          7.56     0.9919    0.01961     0.2594   0.04357    0.5763
34054927         7.548     0.9904          0          0         0         0
10579827         7.568     0.9931          0          0         0         0
10558584         7.642      1.003          0          0         0         0
10556735         7.564     0.9925          0          0         0         0
10549216         7.598      0.997    0.01504      0.198   0.03709    0.4881
10548901         7.672      1.007   0.006804    0.08869  0.009307    0.1213
20028683          7.56      0.992    0.01951      0.258   0.04347     0.575
34087256         7.557     0.9916    0.01948     0.2578   0.04344    0.5749
20437314         7.558     0.9918          0          0         0         0
10549433         7.569     0.9932          0          0         0         0
10579185         7.569     0.9932          0          0         0         0
10558578         7.523     0.9872          0          0         0         0
34086013         7.589     0.9958    0.01883     0.2481   0.04443    0.5855
10549431         7.628      1.001          0          0         0         0
34084592         7.678      1.007          0          0         0         0
10548989         7.678      1.007          0          0         0         0
34085311         7.597     0.9968    0.01616     0.2127   0.04027    0.5301
10544883         7.596     0.9967    0.01633      0.215   0.04051    0.5333
34086802         7.552     0.9909          0          0         0         0
34095661         7.597     0.9968    0.01615     0.2126   0.04025    0.5299
20396849         7.665      1.006          0          0         0         0
34085044         7.628      1.001          0          0         0         0
34086400         7.541     0.9895          0          0         0         0
10558571         7.538     0.9891          0          0         0         0
10549309         7.626      1.001          0          0         0         0
34090001         7.657      1.005          0          0         0         0
34085952         7.571     0.9935          0          0         0         0
10541616          7.57     0.9933          0          0         0         0
40154810         7.556     0.9915          0          0         0         0
10543079         7.542     0.9897    0.01939     0.2571   0.04348    0.5764
34086796         7.539     0.9892    0.01937      0.257   0.04348    0.5768
34085260         7.622          1          0          0         0         0
10558566         7.563     0.9923          0          0         0         0
10558565         7.563     0.9923          0          0         0         0
10548976         7.667      1.006          0          0         0         0
20344324         7.553     0.9911    0.01946     0.2576   0.04345    0.5753
10536946         7.553     0.9911    0.01946     0.2576   0.04345    0.5753
40014844         7.602     0.9975     0.0185     0.2433   0.04822    0.6343
40013213         7.602     0.9975     0.0185     0.2433   0.04822    0.6343
10558576         7.523     0.9872          0          0         0         0
10549288         7.629      1.001          0          0         0         0
34085043         7.629      1.001          0          0         0         0
34054976         7.547     0.9902          0          0         0         0
20344334         7.547     0.9902          0          0         0         0
10553426         7.597     0.9969    0.02271      0.299   0.06177     0.813
10558561          7.64      1.002          0          0         0         0
10549286         7.627      1.001          0          0         0         0
10548961          7.68      1.008          0          0         0         0
34086018         7.624          1          0          0         0         0
10528321         7.624          1          0          0         0         0
10523041         7.555     0.9913          0          0         0         0
34097393         7.555     0.9913          0          0         0         0
10558580         7.523     0.9871          0          0         0         0
34086383         7.523     0.9871          0          0         0         0
10560338         7.654      1.004          0          0         0         0
34086381         7.599      0.997          0          0         0         0
10558552         7.599      0.997          0          0         0         0
34085312         7.589     0.9958    0.01861     0.2452   0.04399    0.5797
10549276         7.589     0.9958    0.01875     0.2471   0.04427    0.5834
10548953         7.665      1.006          0          0         0         0
10524153         7.521     0.9869          0          0         0         0
34096116         7.602     0.9975    0.01848     0.2431   0.04817    0.6337
10559487         7.557     0.9916          0          0         0         0
10549293         7.592     0.9962     0.0173     0.2279   0.04179    0.5505
34084955         7.592     0.9962    0.01731      0.228    0.0418    0.5506
20079699         7.598      0.997    0.01571     0.2068   0.03928    0.5169
10548923         7.607     0.9982    0.01596     0.2098   0.04009    0.5271
10559735         7.605     0.9979    0.01672     0.2198   0.04252    0.5592
10558546         7.553     0.9911          0          0         0         0
10549264         7.631      1.001          0          0         0         0
34090000          7.61     0.9985     0.0154     0.2024   0.03813    0.5011
10548947         7.604     0.9978          0          0         0         0
34085953         7.569     0.9931          0          0         0         0
10559182         7.576     0.9941          0          0         0         0
34086307         7.572     0.9936          0          0         0         0
34084665         7.652      1.004          0          0         0         0
20014992         7.604     0.9978          0          0         0         0
10559588         7.569     0.9931          0          0         0         0
10558516         7.598      0.997    0.02211      0.291    0.0599    0.7884
10558540         7.595     0.9966          0          0         0         0
10584630         7.563     0.9924          0          0         0         0
10549258         7.563     0.9924          0          0         0         0
10548942         7.609     0.9984          0          0         0         0
10548941         7.609     0.9984          0          0         0         0
10542098         7.598      0.997    0.01536     0.2021   0.03811    0.5015
10558573         7.533     0.9884          0          0         0         0
34086301         7.529      0.988          0          0         0         0
10548902         7.672      1.007    0.00694    0.09046    0.0101    0.1317
10580818          7.69      1.009   0.005979    0.07776  0.006684   0.08693
10559537           7.6     0.9972          0          0         0         0
10553427         7.597     0.9968    0.02319     0.3053   0.06325    0.8326
10549225         7.603     0.9976    0.01593     0.2096   0.03995    0.5255
10549249           7.6     0.9972          0          0         0         0
10548921          7.61     0.9986    0.01531     0.2012   0.03802    0.4996
34086017         7.624          1          0          0         0         0
34054975         7.595     0.9966          0          0         0         0
34057798         7.595     0.9966          0          0         0         0
10580165         7.535     0.9887    0.01935     0.2569    0.0435    0.5773
10580150         7.532     0.9883    0.01935     0.2568   0.04349    0.5774
10559407         7.557     0.9915          0          0         0         0
10558513           7.6     0.9973       0.02     0.2632   0.05307    0.6982
10549244         7.637      1.002          0          0         0         0
34084616         7.672      1.007   0.007054    0.09194   0.01036     0.135
34086008         7.604     0.9977    0.01706     0.2244   0.04364    0.5739
10579834         7.566     0.9928          0          0         0         0
10579845         7.566     0.9928          0          0         0         0
34086308         7.561     0.9922          0          0         0         0
10559393         7.559     0.9919          0          0         0         0
10558494         7.533     0.9885    0.01935     0.2568    0.0435    0.5774
34085493         7.594     0.9965    0.01675     0.2206   0.04108    0.5409
34054974         7.595     0.9965          0          0         0         0
10559386         7.576     0.9941          0          0         0         0
10558478         7.509     0.9853          0          0         0         0
10558477         7.509     0.9853          0          0         0         0
34085489         7.602     0.9975    0.01595     0.2098   0.03998    0.5259
10549223         7.601     0.9974    0.01588     0.2089   0.03975     0.523
10548915         7.652      1.004   0.008349     0.1091   0.01515     0.198
34091439         7.555     0.9913          0          0         0         0
34054969         7.532     0.9883          0          0         0         0
34086402         7.591     0.9961          0          0         0         0
10559057         7.586     0.9954          0          0         0         0
10549303         7.572     0.9936          0          0         0         0
10558215         7.572     0.9936          0          0         0         0
34090031         7.672      1.007   0.006802    0.08866  0.009282     0.121
34057775         7.547     0.9903          0          0         0         0
34054962         7.547     0.9903          0          0         0         0
10579828         7.567     0.9929          0          0         0         0
10558585           7.6     0.9972          0          0         0         0
34085039         7.564     0.9925          0          0         0         0
10556736         7.564     0.9925          0          0         0         0
34085462         7.627      1.001          0          0         0         0
10549013         7.627      1.001          0          0         0         0
10548903         7.672      1.007    0.00697    0.09084   0.01022    0.1333
34092155         7.671      1.007   0.006656    0.08677   0.01078    0.1405
10548925         7.671      1.007   0.006656    0.08677   0.01078    0.1405
20456673         7.522     0.9869          0          0         0         0
10579196         7.569     0.9932          0          0         0         0
10558579         7.523     0.9872          0          0         0         0
34085038         7.588     0.9957    0.01982     0.2612   0.04652    0.6131
34085371         7.678      1.007          0          0         0         0
10548992         7.678      1.007          0          0         0         0
10539784         7.668      1.006          0          0         0         0
20409718         7.668      1.006          0          0         0         0
10558572         7.537      0.989          0          0         0         0
10522509         7.624          1          0          0         0         0
10549310         7.624          1          0          0         0         0
10573638         7.679      1.008   0.006649    0.08659  0.009072    0.1181
10548984         7.673      1.007          0          0         0         0
10542105         7.598      0.997    0.01543     0.2031   0.03835    0.5047
40156534         7.557     0.9916          0          0         0         0
10547826         7.575      0.994    0.01841      0.243   0.04334    0.5721
34086797         7.575     0.9939    0.01843     0.2433   0.04333    0.5721
34085261         7.622          1          0          0         0         0
20396672         7.542     0.9897    0.01939     0.2571   0.04348    0.5764
10573495         7.565     0.9927          0          0         0         0
10558567         7.563     0.9923          0          0         0         0
10548977         7.667      1.006          0          0         0         0
10548935         7.668      1.006          0          0         0         0
40013232         7.602     0.9975     0.0185     0.2433   0.04822    0.6343
10585091         7.569     0.9931          0          0         0         0
34054965         7.594     0.9965          0          0         0         0
10572328         7.556     0.9915          0          0         0         0
10571603         7.556     0.9915          0          0         0         0
40014845         7.601     0.9974    0.01897     0.2496   0.04975    0.6545
10549287         7.628      1.001          0          0         0         0
10548963          7.67      1.006          0          0         0         0
10548962          7.67      1.006          0          0         0         0
10529606         7.556     0.9915          0          0         0         0
34097394         7.596     0.9967          0          0         0         0
34086384         7.523     0.9871          0          0         0         0
10549282         7.588     0.9957    0.01977     0.2605    0.0464    0.6115
20344325          7.56      0.992    0.01958      0.259   0.04354     0.576
10560401         7.654      1.004          0          0         0         0
10558553         7.598      0.997          0          0         0         0
10549278         7.588     0.9957    0.01947     0.2566   0.04575    0.6029
10548957         7.671      1.007          0          0         0         0
10548954         7.671      1.007          0          0         0         0
10524870         7.521     0.9869          0          0         0         0
10559451         7.557     0.9916          0          0         0         0
34096667         7.557     0.9916          0          0         0         0
34096668         7.556     0.9915          0          0         0         0
34086320         7.556     0.9915          0          0         0         0
20114727         7.598      0.997    0.01571     0.2068   0.03928    0.5169
34084661         7.658      1.005          0          0         0         0
10559783         7.656      1.005          0          0         0         0
10558547         7.553     0.9911          0          0         0         0
10549265         7.631      1.001          0          0         0         0
10548949         7.663      1.006          0          0         0         0
10548948         7.663      1.006          0          0         0         0
34095669         7.626      1.001          0          0         0         0
10522508         7.626      1.001          0          0         0         0
34095667         7.565     0.9926          0          0         0         0
34086309         7.563     0.9924          0          0         0         0
34084662         7.655      1.004          0          0         0         0
34087254         7.565     0.9926    0.01911     0.2526   0.04341    0.5738
10559589         7.569     0.9931          0          0         0         0
10558541         7.595     0.9966          0          0         0         0
10549259         7.568     0.9931          0          0         0         0
10558521         7.597     0.9968    0.02359     0.3106   0.06451    0.8492
10549250           7.6     0.9972          0          0         0         0
10548926         7.671      1.007   0.006656    0.08677   0.01078    0.1405
10548911         7.672      1.007   0.006999    0.09122   0.01033    0.1347
34095651         7.669      1.006    0.00723    0.09428   0.01113    0.1451
10549311         7.624          1          0          0         0         0
34054978         7.546     0.9901          0          0         0         0
34057799         7.546     0.9901          0          0         0         0
10580155         7.535     0.9887    0.01935     0.2569    0.0435    0.5773
34086798         7.558     0.9917          0          0         0         0
10558514         7.599     0.9971    0.02149     0.2829    0.0579     0.762
10548930         7.609     0.9984    0.01558     0.2048   0.03886    0.5108
10548928         7.609     0.9984    0.01558     0.2048   0.03886    0.5108
34095592         7.671      1.007   0.006657    0.08678   0.01078    0.1405
10549226         7.604     0.9977    0.01589      0.209   0.03986    0.5242
34086010         7.603     0.9977     0.0159     0.2092   0.03988    0.5245
34054992         7.548     0.9904          0          0         0         0
34085264         7.625      1.001          0          0         0         0
10579847         7.623          1          0          0         0         0
34086310         7.561     0.9922          0          0         0         0
10559394         7.561     0.9921          0          0         0         0
10558506         7.602     0.9976    0.01711      0.225   0.04363    0.5739
10549231         7.636      1.002          0          0         0         0
10548922         7.609     0.9984    0.01558     0.2048   0.03886    0.5108
34095580          7.63      1.001          0          0         0         0
34095655         7.574     0.9938          0          0         0         0
34085951         7.574     0.9938          0          0         0         0
20344332         7.596     0.9967          0          0         0         0
10579840         7.568     0.9931          0          0         0         0
34086305         7.578     0.9944          0          0         0         0
10559387         7.578     0.9944          0          0         0         0
10549224         7.602     0.9975    0.01595     0.2098   0.03999     0.526
10548916         7.649      1.004   0.008762     0.1145   0.01661    0.2171
10579234          7.56      0.992          0          0         0         0
34092154          7.56      0.992          0          0         0         0
34054970         7.532     0.9883          0          0         0         0
34086304         7.586     0.9954          0          0         0         0
34086298         7.587     0.9955    0.01779     0.2344   0.04346    0.5728
10548910         7.671      1.007   0.006941    0.09048   0.01049    0.1367
10540312         7.532     0.9884    0.01934     0.2568    0.0435    0.5775
34090083         7.532     0.9884    0.01934     0.2568    0.0435    0.5775
10549269          7.59      0.996    0.01773     0.2336   0.04249    0.5598
34085442          7.59     0.9959    0.01803     0.2376   0.04301    0.5666
34054963         7.595     0.9965          0          0         0         0
10579842         7.567     0.9929          0          0         0         0
10579829         7.567     0.9929          0          0         0         0
10558586         7.599     0.9972          0          0         0         0
10556737         7.564     0.9925          0          0         0         0
10549016         7.627      1.001          0          0         0         0
10549015         7.627      1.001          0          0         0         0
10548979         7.657      1.005          0          0         0         0
10548917         7.636      1.002    0.01085      0.142   0.02369    0.3103
34085352         7.633      1.002    0.01139     0.1493    0.0255    0.3341
20456674         7.522      0.987          0          0         0         0
10579071          7.56      0.992          0          0         0         0
10579231          7.56      0.992          0          0         0         0
10552942         7.556     0.9915          0          0         0         0
10548993         7.675      1.007          0          0         0         0
10545502         7.594     0.9964    0.01687     0.2222   0.04124     0.543
34086806         7.558     0.9917          0          0         0         0
20409719         7.668      1.006          0          0         0         0
34095664         7.555     0.9914          0          0         0         0
10549270         7.555     0.9914          0          0         0         0
10548985         7.673      1.007          0          0         0         0
40156536         7.557     0.9916          0          0         0         0
20396674         7.542     0.9897    0.01939     0.2571   0.04348    0.5764
10579900         7.688      1.009   0.006095    0.07929  0.007098   0.09233
34084957         7.591     0.9961    0.01743     0.2296   0.04199    0.5531
10548980         7.657      1.005          0          0         0         0
40013233         7.602     0.9975     0.0185     0.2433   0.04822    0.6343
34086410         7.599      0.997    0.02164     0.2848   0.05837    0.7682
34085045         7.628      1.001          0          0         0         0
34054964         7.594     0.9965          0          0         0         0
20344368         7.594     0.9965          0          0         0         0
34086322         7.556     0.9915          0          0         0         0
10529607         7.556     0.9915          0          0         0         0
34097395         7.595     0.9966          0          0         0         0
34095648         7.661      1.005          0          0         0         0
10560402         7.661      1.005          0          0         0         0
10558554          7.57     0.9933          0          0         0         0
10548955         7.671      1.007          0          0         0         0
10524883         7.521     0.9869          0          0         0         0
34097297         7.556     0.9915          0          0         0         0
20114730         7.598      0.997    0.01571     0.2068   0.03928    0.5169
34095654         7.665      1.006          0          0         0         0
10559784         7.663      1.006          0          0         0         0
34097397         7.603     0.9976    0.01771      0.233   0.04571    0.6013
10558548         7.599     0.9971          0          0         0         0
10549266         7.622          1          0          0         0         0
34084952         7.593     0.9963    0.01705     0.2245   0.04142    0.5455
20028684         7.606      0.998          0          0         0         0
10558542         7.643      1.003          0          0         0         0
10549260         7.573     0.9937          0          0         0         0
10548944         7.623          1          0          0         0         0
10548943         7.623          1          0          0         0         0
34095662         7.593     0.9964    0.01697     0.2235   0.04133    0.5444
10574853         7.525     0.9874          0          0         0         0
34086303         7.525     0.9874          0          0         0         0
10559562         7.597     0.9968          0          0         0         0
10559560         7.597     0.9968          0          0         0         0
10549251         7.574     0.9938          0          0         0         0
10548937         7.668      1.006          0          0         0         0
10560492         7.665      1.006          0          0         0         0
10548945         7.648      1.004          0          0         0         0
34084591         7.648      1.004          0          0         0         0
10580163         7.535     0.9887    0.01935     0.2569    0.0435    0.5773
10549246         7.635      1.002          0          0         0         0
10549245         7.635      1.002          0          0         0         0
34095643         7.671      1.007   0.006926    0.09029   0.01058     0.138
10559396         7.569     0.9932          0          0         0         0
10558507         7.595     0.9966    0.01739     0.2289   0.04359    0.5739
10549232         7.636      1.002          0          0         0         0
10549253         7.574     0.9938          0          0         0         0
10559389         7.586     0.9954          0          0         0         0
10558482         7.567     0.9929          0          0         0         0
10558481         7.567     0.9929          0          0         0         0
34095658         7.603     0.9977    0.01591     0.2092   0.03989    0.5246
10523032         7.556     0.9915          0          0         0         0
34054971         7.532     0.9883          0          0         0         0
10579830         7.567     0.9929          0          0         0         0
34090086         7.591     0.9961    0.01755     0.2311   0.04357    0.5739
34085461          7.57     0.9934          0          0         0         0
10556738         7.564     0.9925          0          0         0         0
10548905         7.674      1.007   0.006944    0.09049   0.01009    0.1315
34090003         7.667      1.006   0.007341    0.09575   0.01151    0.1501
34085370         7.666      1.006   0.007383    0.09631   0.01165     0.152
10558568         7.563     0.9923          0          0         0         0
20494025         7.562     0.9923          0          0         0         0
10558581         7.529      0.988          0          0         0         0
10548994         7.675      1.007          0          0         0         0
10545682         7.593     0.9964    0.01697     0.2235   0.04134    0.5444
34086829         7.549     0.9906    0.01944     0.2574   0.04346    0.5757
34057718         7.665      1.006          0          0         0         0
20410383         7.665      1.006          0          0         0         0
10579069         7.556     0.9914          0          0         0         0
10558575         7.525     0.9874          0          0         0         0
10549312         7.624          1          0          0         0         0
10548986         7.666      1.006          0          0         0         0
10542412         7.555     0.9914          0          0         0         0
34086800         7.569     0.9931          0          0         0         0
10549295         7.626      1.001          0          0         0         0
34085263         7.626      1.001          0          0         0         0
20396677         7.542     0.9897    0.01939     0.2571   0.04348    0.5764
10540313         7.532     0.9884    0.01934     0.2568    0.0435    0.5775
34086413         7.521     0.9869          0          0         0         0
34085046         7.627      1.001          0          0         0         0
10558562         7.565     0.9927          0          0         0         0
34085047         7.565     0.9926          0          0         0         0
10529608         7.556     0.9915          0          0         0         0
34097396         7.603     0.9977    0.01708     0.2246   0.04369    0.5746
34085041         7.569     0.9932          0          0         0         0
10559938         7.666      1.006          0          0         0         0
10558556         7.568     0.9931          0          0         0         0
10549283         7.627      1.001          0          0         0         0
10548956         7.671      1.007          0          0         0         0
10525295         7.521     0.9869          0          0         0         0
34086324          7.58     0.9946     0.0181     0.2388   0.04342    0.5728
34085033         7.671      1.007          0          0         0         0
20122385         7.521     0.9869          0          0         0         0
10548951         7.665      1.006          0          0         0         0
10548950         7.665      1.006          0          0         0         0
20028685         7.606      0.998          0          0         0         0
10559591         7.665      1.006          0          0         0         0
10549261         7.573     0.9937          0          0         0         0
34095663          7.59     0.9959    0.01804     0.2377   0.04302    0.5669
10558523         7.596     0.9967    0.02398     0.3156   0.06574    0.8654
10549252         7.574     0.9938          0          0         0         0
10548938         7.668      1.006          0          0         0         0
34086299         7.588     0.9956    0.01774     0.2337   0.04349    0.5731
10559506         7.596     0.9967          0          0         0         0
34086012         7.563     0.9924          0          0         0         0
10579975         7.521     0.9869          0          0         0         0
10559398         7.557     0.9916          0          0         0         0
10558509         7.603     0.9976     0.0177     0.2328   0.04566    0.6006
10549240         7.638      1.002          0          0         0         0
10549239         7.638      1.002          0          0         0         0
34095588         7.657      1.005          0          0         0         0
34054977         7.547     0.9902          0          0         0         0
10559390         7.591     0.9961          0          0         0         0
34090753         7.629      1.001    0.01196     0.1568   0.02736    0.3586
34085490         7.599     0.9971    0.01581      0.208   0.03956    0.5206
34084953         7.627      1.001          0          0         0         0
10579831         7.627      1.001          0          0         0         0
10558646          7.64      1.002          0          0         0         0
10556739         7.564     0.9925          0          0         0         0
20494026         7.562     0.9923          0          0         0         0
10579373         7.555     0.9914          0          0         0         0
10558582         7.537      0.989          0          0         0         0
10573328         7.565     0.9926          0          0         0         0
34085340         7.565     0.9926          0          0         0         0
10549313         7.626      1.001          0          0         0         0
10560616         7.569     0.9932          0          0         0         0
10558569         7.563     0.9923          0          0         0         0
10548981         7.657      1.005          0          0         0         0
10540314         7.532     0.9884    0.01934     0.2568    0.0435    0.5775
10549284         7.565     0.9926          0          0         0         0
20344372         7.594     0.9965          0          0         0         0
10549290         7.627      1.001          0          0         0         0
10532582         7.555     0.9913          0          0         0         0
10558557         7.568     0.9931          0          0         0         0
10526702         7.624          1          0          0         0         0
20251418         7.569     0.9931          0          0         0         0
10558550         7.599      0.997          0          0         0         0
34096113         7.643      1.003          0          0         0         0
10559592         7.652      1.004          0          0         0         0
10558544         7.643      1.003          0          0         0         0
34084663         7.661      1.005          0          0         0         0
10559574         7.597     0.9968          0          0         0         0
10548939         7.574     0.9938          0          0         0         0
10580377         7.627      1.001          0          0         0         0
10559507         7.595     0.9965          0          0         0         0
10579843         7.566     0.9928          0          0         0         0
sec_10559391    0.2369     0.9871          0          0         0         0
sec_10558483     0.239     0.9956          0          0         0         0
sec_34092313    0.2375     0.9896          0          0         0         0
sec_34085491    0.2389     0.9956          0          0         0         0
sec_34054972    0.2369     0.9869          0          0         0         0
sec_10559275    0.2368     0.9867          0          0         0         0
sec_34085468    0.2369      0.987          0          0         0         0
sec_10549020    0.2373     0.9888          0          0         0         0
sec_10548907    0.2406      1.003          0          0         0         0
sec_10555985    0.2369      0.987          0          0         0         0
sec_10548988    0.2402      1.001          0          0         0         0
sec_10543795    0.2354      0.981          0          0         0         0
sec_34086801    0.2381     0.9921          0          0         0         0
sec_34085286     0.239     0.9959          0          0         0         0
sec_10574854    0.2359      0.983          0          0         0         0
sec_10548982    0.2402      1.001          0          0         0         0
sec_34086794     0.239     0.9957          0          0         0         0
sec_34085048    0.2353     0.9804          0          0         0         0
sec_20350796    0.2406      1.002          0          0         0         0
sec_10548968    0.2384     0.9935          0          0         0         0
sec_10532911    0.2362     0.9843          0          0         0         0
sec_34097398    0.2354     0.9807          0          0         0         0
sec_34085042     0.237     0.9874          0          0         0         0
sec_20344333    0.2372     0.9882          0          0         0         0
sec_10560618     0.237     0.9873          0          0         0         0
sec_10549285    0.2388     0.9952          0          0         0         0
sec_10526890    0.2762     0.9968  0.0007864     0.2847  0.002121    0.7677
sec_34097392     0.237     0.9875          0          0         0         0
sec_34085036    0.2371      0.988          0          0         0         0
sec_20251419    0.2361      0.984          0          0         0         0
sec_10560337    0.2402      1.001          0          0         0         0
sec_10558551    0.2368     0.9865          0          0         0         0
sec_10524061    0.2367     0.9864          0          0         0         0
sec_34096115    0.2405      1.002          0          0         0         0
sec_34086318    0.2384     0.9931          0          0         0         0
sec_34084954    0.2397     0.9986          0          0         0         0
sec_10558545    0.2399     0.9995          0          0         0         0
sec_10549263    0.2383     0.9928          0          0         0         0
sec_34095665    0.2393     0.9973          0          0         0         0
sec_34086306    0.2375     0.9897          0          0         0         0
sec_34084664    0.2404      1.002          0          0         0         0
sec_20014991    0.2388     0.9949          0          0         0         0
sec_10559587    0.2368     0.9865          0          0         0         0
sec_10549255    0.2357      0.982          0          0         0         0
sec_10548940    0.2382     0.9926          0          0         0         0
sec_34095659    0.2375     0.9898          0          0         0         0
sec_34086300    0.2365     0.9854          0          0         0         0
sec_10580378    0.2395     0.9977          0          0         0         0
sec_10549248    0.2375     0.9894          0          0         0         0
sec_10548933    0.2751     0.9926  0.0005621     0.2044  0.001388    0.5044
sec_34086016      0.24          1          0          0         0         0
sec_34057797    0.2363     0.9845          0          0         0         0
sec_10579978    0.2358     0.9824          0          0         0         0
sec_10549241    0.2373     0.9889          0          0         0         0
sec_10548927    0.2411      1.005          0          0         0         0
sec_34095590    0.2412      1.005          0          0         0         0
sec_34054979    0.2369      0.987          0          0         0         0
sec_10559392     0.237     0.9876          0          0         0         0
sec_34095281    0.2365     0.9853          0          0         0         0
sec_10579833    0.2396     0.9982          0          0         0         0
sec_10559385    0.2374     0.9891          0          0         0         0
sec_34090007    0.2753     0.9934  0.0005624     0.2043  0.001387    0.5039
sec_34085401    0.2394     0.9977          0          0         0         0
sec_34054927    0.2369     0.9872          0          0         0         0
sec_10556735    0.2377     0.9904          0          0         0         0
sec_10548901    0.2787      1.006  0.0002474    0.08877 0.0003384    0.1214
sec_34087256     0.238     0.9919          0          0         0         0
sec_20437314    0.2357     0.9822          0          0         0         0
sec_10579185    0.2354     0.9809          0          0         0         0
sec_10548989    0.2404      1.002          0          0         0         0
sec_34086802    0.2368     0.9865          0          0         0         0
sec_10549309     0.239     0.9958          0          0         0         0
sec_10548983    0.2399     0.9997          0          0         0         0
sec_10541616    0.2377     0.9905          0          0         0         0
sec_40154810    0.2346     0.9774          0          0         0         0
sec_34086796    0.2384     0.9931          0          0         0         0
sec_34085260     0.239     0.9957          0          0         0         0
sec_10558565    0.2356     0.9819          0          0         0         0
sec_10549286    0.2387     0.9946          0          0         0         0
sec_10548961      0.24          1          0          0         0         0
sec_10528321    0.2377     0.9904          0          0         0         0
sec_34097393    0.2364     0.9851          0          0         0         0
sec_34086383    0.2357     0.9823          0          0         0         0
sec_10560338    0.2391     0.9963          0          0         0         0
sec_10549276    0.2369      0.987          0          0         0         0
sec_10548953    0.2404      1.002          0          0         0         0
sec_34096116    0.2402      1.001          0          0         0         0
sec_10559735    0.2386      0.994          0          0         0         0
sec_10548947    0.2388     0.9949          0          0         0         0
sec_34086307    0.2374     0.9891          0          0         0         0
sec_34084665    0.2394     0.9977          0          0         0         0
sec_20014992     0.238     0.9917          0          0         0         0
sec_10559588    0.2372     0.9882          0          0         0         0
sec_10549258    0.2352     0.9801          0          0         0         0
sec_10548941     0.238     0.9919          0          0         0         0
sec_34095660    0.2373     0.9887          0          0         0         0
sec_34086301    0.2345     0.9769          0          0         0         0
sec_34084602     0.238     0.9918          0          0         0         0
sec_34095650    0.2393     0.9969          0          0         0         0
sec_34057798    0.2381     0.9922          0          0         0         0
sec_10580150    0.2708     0.9773  0.0007132     0.2633  0.001587    0.5859
sec_10559407    0.2374     0.9892          0          0         0         0
sec_34095591    0.2415      1.006          0          0         0         0
sec_34054980    0.2371      0.988          0          0         0         0
sec_10579845    0.2372     0.9883          0          0         0         0
sec_10559393     0.236     0.9834          0          0         0         0
sec_34085493     0.238     0.9919          0          0         0         0
sec_34054974    0.2387     0.9946          0          0         0         0
sec_10559386    0.2364     0.9849          0          0         0         0
sec_10558477    0.2357      0.982          0          0         0         0
sec_10549223    0.2388     0.9952          0          0         0         0
sec_10559057    0.2369     0.9869          0          0         0         0
sec_10558215    0.2371     0.9881          0          0         0         0
sec_34085402    0.2401          1          0          0         0         0
sec_34054962    0.2368     0.9865          0          0         0         0
sec_10556736    0.2367     0.9862          0          0         0         0
sec_10549013    0.2396     0.9983          0          0         0         0
sec_20456673    0.2359     0.9828          0          0         0         0
sec_10579196    0.2381     0.9919          0          0         0         0
sec_10558579    0.2356     0.9818          0          0         0         0
sec_10548992    0.2403      1.001          0          0         0         0
sec_10545431    0.2377     0.9904          0          0         0         0
sec_34086805     0.237     0.9875          0          0         0         0
sec_34085312    0.2364     0.9849          0          0         0         0
sec_20409718    0.2413      1.005          0          0         0         0
sec_10549310    0.2386     0.9943          0          0         0         0
sec_34086797    0.2388     0.9952          0          0         0         0
sec_10573495    0.2368     0.9865          0          0         0         0
sec_10549293    0.2379     0.9914          0          0         0         0
sec_10548977    0.2405      1.002          0          0         0         0
sec_34085044    0.2396     0.9982          0          0         0         0
sec_10571603     0.237     0.9873          0          0         0         0
sec_10549287     0.239     0.9956          0          0         0         0
sec_10548962    0.2379     0.9914          0          0         0         0
sec_10529606    0.2361     0.9838          0          0         0         0
sec_34097394    0.2358     0.9825          0          0         0         0
sec_34086384    0.2361     0.9836          0          0         0         0
sec_10560401     0.239     0.9959          0          0         0         0
sec_10558553    0.2382     0.9927          0          0         0         0
sec_10549278    0.2374     0.9892          0          0         0         0
sec_10548954    0.2412      1.005          0          0         0         0
sec_34084956    0.2387     0.9944          0          0         0         0
sec_10559783    0.2401          1          0          0         0         0
sec_10558547    0.2369     0.9872          0          0         0         0
sec_10548948    0.2413      1.006          0          0         0         0
sec_10522508    0.2393     0.9969          0          0         0         0
sec_34095667    0.2372     0.9883          0          0         0         0
sec_34084666    0.2403      1.001          0          0         0         0
sec_10559589    0.2368     0.9865          0          0         0         0
sec_10549259    0.2362     0.9844          0          0         0         0
sec_34084616    0.2407      1.003          0          0         0         0
sec_10559558    0.2371      0.988          0          0         0         0
sec_10549250    0.2379     0.9911          0          0         0         0
sec_34095651    0.2411      1.005          0          0         0         0
sec_10559451    0.2365     0.9855          0          0         0         0
sec_34054992    0.2368     0.9867          0          0         0         0
sec_10579847    0.2388     0.9948          0          0         0         0
sec_10559394    0.2364     0.9852          0          0         0         0
sec_34095580    0.2373     0.9887          0          0         0         0
sec_34085951    0.2371      0.988          0          0         0         0
sec_34054975    0.2391     0.9962          0          0         0         0
sec_10579840    0.2371     0.9878          0          0         0         0
sec_10559387    0.2372     0.9884          0          0         0         0
sec_34092154    0.2359      0.983          0          0         0         0
sec_10559090    0.2374     0.9892          0          0         0         0
sec_10548910    0.2398     0.9991          0          0         0         0
sec_34085442    0.2375     0.9894          0          0         0         0
sec_10579829    0.2365     0.9854          0          0         0         0
sec_10558586    0.2379     0.9913          0          0         0         0
sec_10549015    0.2389     0.9954          0          0         0         0
sec_34085352    0.2399     0.9994          0          0         0         0
sec_20456674    0.2351     0.9796          0          0         0         0
sec_10579231    0.2364     0.9848          0          0         0         0
sec_10558580    0.2362      0.984          0          0         0         0
sec_10552942    0.2374     0.9892          0          0         0         0
sec_10545502    0.2373     0.9887          0          0         0         0
sec_34086806    0.2378     0.9909          0          0         0         0
sec_10558573    0.2358     0.9823          0          0         0         0
sec_10548985    0.2394     0.9976          0          0         0         0
sec_40156536    0.2379     0.9912          0          0         0         0
sec_34085262    0.2393     0.9971          0          0         0         0
sec_10549294    0.2357      0.982          0          0         0         0
sec_10548979    0.2406      1.002          0          0         0         0
sec_10540312    0.2707     0.9766  0.0007183     0.2654   0.00159    0.5876
sec_34086410    0.2402      1.001          0          0         0         0
sec_34085045    0.2402      1.001          0          0         0         0
sec_10529607    0.2367     0.9864          0          0         0         0
sec_34097395    0.2377     0.9903          0          0         0         0
sec_34086400    0.2345     0.9769          0          0         0         0
sec_10560402    0.2385     0.9936          0          0         0         0
sec_34096668    0.2371     0.9881          0          0         0         0
sec_34084957    0.2385     0.9939          0          0         0         0
sec_20114730    0.2756     0.9946  0.0005726     0.2077  0.001429    0.5183
sec_10559784    0.2401      1.001          0          0         0         0
sec_10549266     0.239     0.9959          0          0         0         0
sec_34095668    0.2401      1.001          0          0         0         0
sec_34086309    0.2362     0.9841          0          0         0         0
sec_34086303    0.2356     0.9815          0          0         0         0
sec_34084661    0.2402      1.001          0          0         0         0
sec_34095654    0.2402      1.001          0          0         0         0
sec_34086019    0.2377     0.9905          0          0         0         0
sec_34084591    0.2391     0.9964          0          0         0         0
sec_10559487    0.2354     0.9806          0          0         0         0
sec_10549245    0.2396     0.9982          0          0         0         0
sec_34095643      0.24          1          0          0         0         0
sec_34055522    0.2365     0.9856          0          0         0         0
sec_10559396    0.2369     0.9871          0          0         0         0
sec_10558507    0.2751     0.9926  0.0006343     0.2306  0.001586    0.5765
sec_10549232    0.2405      1.002          0          0         0         0
sec_34095581    0.2394     0.9976          0          0         0         0
sec_34085952    0.2369      0.987          0          0         0         0
sec_34054976    0.2361     0.9839          0          0         0         0
sec_10559389    0.2379     0.9913          0          0         0         0
sec_10558481     0.238     0.9918          0          0         0         0
sec_34092234    0.2347     0.9781          0          0         0         0
sec_34085489    0.2374     0.9893          0          0         0         0
sec_10579830    0.2378     0.9906          0          0         0         0
sec_10558471    0.2357     0.9819          0          0         0         0
sec_10548911    0.2404      1.002          0          0         0         0
sec_34090086    0.2368     0.9868          0          0         0         0
sec_34090003    0.2391     0.9961          0          0         0         0
sec_20494025    0.2375     0.9897          0          0         0         0
sec_10579234    0.2362     0.9843          0          0         0         0
sec_10558581    0.2357     0.9821          0          0         0         0
sec_10548994    0.2405      1.002          0          0         0         0
sec_10545682    0.2387     0.9946          0          0         0         0
sec_34085321    0.2378     0.9906          0          0         0         0
sec_10558575     0.236     0.9833          0          0         0         0
sec_10549312    0.2366     0.9859          0          0         0         0
sec_10548986    0.2413      1.005          0          0         0         0
sec_10542412    0.2364     0.9852          0          0         0         0
sec_34085263    0.2391     0.9963          0          0         0         0
sec_20396677     0.274     0.9886  0.0007061     0.2577  0.001581    0.5772
sec_34085046    0.2381      0.992          0          0         0         0
sec_10558562    0.2372     0.9882          0          0         0         0
sec_10549289    0.2368     0.9867          0          0         0         0
sec_10548965     0.277     0.9994  0.0002796     0.1009 0.0004539    0.1639
sec_10529608    0.2379     0.9911          0          0         0         0
sec_34097396    0.2368     0.9866          0          0         0         0
sec_34086401    0.2345     0.9772          0          0         0         0
sec_34085040    0.2375     0.9894          0          0         0         0
sec_20344331    0.2366     0.9857          0          0         0         0
sec_10548956    0.2406      1.002          0          0         0         0
sec_10525295    0.2358     0.9824          0          0         0         0
sec_34086324    0.2357     0.9821          0          0         0         0
sec_20122385    0.2363     0.9848          0          0         0         0
sec_10549269     0.237     0.9874          0          0         0         0
sec_10548950    0.2397     0.9987          0          0         0         0
sec_10523032    0.2363     0.9848          0          0         0         0
sec_34086310    0.2361     0.9839          0          0         0         0
sec_34084952    0.2381     0.9921          0          0         0         0
sec_20028685    0.2366     0.9858          0          0         0         0
sec_10559591    0.2385     0.9938          0          0         0         0
sec_10549261    0.2375     0.9898          0          0         0         0
sec_10558523    0.2406      1.002          0          0         0         0
sec_10548938    0.2397     0.9986          0          0         0         0
sec_34095655    0.2377     0.9904          0          0         0         0
sec_10548931    0.2379     0.9914          0          0         0         0
sec_34057718    0.2411      1.005          0          0         0         0
sec_10559398    0.2369      0.987          0          0         0         0
sec_10558509    0.2393     0.9971          0          0         0         0
sec_10549239    0.2382     0.9926          0          0         0         0
sec_34095588    0.2398     0.9991          0          0         0         0
sec_34085953    0.2363     0.9846          0          0         0         0
sec_10559390    0.2376     0.9901          0          0         0         0
sec_10549226    0.2373     0.9886          0          0         0         0
sec_34085490    0.2365     0.9855          0          0         0         0
sec_34054971    0.2364      0.985          0          0         0         0
sec_10579831    0.2381      0.992          0          0         0         0
sec_34090753    0.2393     0.9971          0          0         0         0
sec_34085462    0.2373     0.9888          0          0         0         0
sec_34054965    0.2388      0.995          0          0         0         0
sec_10558646    0.2389     0.9956          0          0         0         0
sec_10556739    0.2371     0.9879          0          0         0         0
sec_10549018    0.2375     0.9895          0          0         0         0
sec_34090004    0.2785      1.005  0.0002774    0.09962 0.0004563    0.1638
sec_34085371    0.2409      1.004          0          0         0         0
sec_20494026    0.2368     0.9867          0          0         0         0
sec_10579373     0.237     0.9874          0          0         0         0
sec_10558582    0.2366     0.9858          0          0         0         0
sec_34087254     0.236     0.9832          0          0         0         0
sec_34085340    0.2371      0.988          0          0         0         0
sec_20416460    0.2413      1.006          0          0         0         0
sec_10558576    0.2369     0.9872          0          0         0         0
sec_10549313    0.2394     0.9977          0          0         0         0
sec_34086800    0.2374     0.9892          0          0         0         0
sec_34085264    0.2394     0.9975          0          0         0         0
sec_10548981    0.2394     0.9976          0          0         0         0
sec_10540314    0.2737     0.9876   0.000704     0.2572  0.001582    0.5781
sec_34086415    0.2382     0.9925          0          0         0         0
sec_34085047    0.2368     0.9869          0          0         0         0
sec_20344372    0.2369      0.987          0          0         0         0
sec_10573328    0.2372     0.9883          0          0         0         0
sec_10549290    0.2384     0.9934          0          0         0         0
sec_34086402     0.239     0.9957          0          0         0         0
sec_34085041    0.2367     0.9863          0          0         0         0
sec_20344332    0.2385     0.9936          0          0         0         0
sec_10560616     0.237     0.9874          0          0         0         0
sec_10558557    0.2376     0.9901          0          0         0         0
sec_10526702    0.2392     0.9967          0          0         0         0
sec_34097297    0.2365     0.9853          0          0         0         0
sec_34085035    0.2371     0.9878          0          0         0         0
sec_20251418    0.2376     0.9901          0          0         0         0
sec_10560281    0.2388      0.995          0          0         0         0
sec_10558550    0.2371     0.9878          0          0         0         0
sec_34096113      0.24     0.9998          0          0         0         0
sec_34084953    0.2389     0.9953          0          0         0         0
sec_10559592    0.2395     0.9979          0          0         0         0
sec_10558544    0.2374     0.9894          0          0         0         0
sec_10548945    0.2369      0.987          0          0         0         0
sec_34084663      0.24     0.9999          0          0         0         0
sec_10585091    0.2372     0.9882          0          0         0         0
sec_10559574    0.2385     0.9938          0          0         0         0
sec_10548939    0.2363     0.9845          0          0         0         0
sec_34095658    0.2372     0.9884          0          0         0         0
sec_34086299    0.2378     0.9907          0          0         0         0
sec_10559507    0.2363     0.9847          0          0         0         0
sec_34057775    0.2368     0.9867          0          0         0         0
sec_34054978     0.237     0.9873          0          0         0         0
sec_10579843    0.2373     0.9888          0          0         0         0
ld_10559391     0.2359     0.9831          0          0         0         0
ld_10558483      0.238     0.9916          0          0         0         0
ld_34092313     0.2373     0.9885          0          0         0         0
ld_34085491     0.2372     0.9882          0          0         0         0
ld_34054972     0.2361     0.9838          0          0         0         0
ld_10559275     0.2361     0.9838          0          0         0         0
ld_34085468     0.2362     0.9843          0          0         0         0
ld_10549020     0.2367     0.9862          0          0         0         0
ld_10548907     0.2389     0.9953          0          0         0         0
ld_10555985     0.2356     0.9818          0          0         0         0
ld_10548988     0.2387     0.9945          0          0         0         0
ld_10543795      0.234     0.9749          0          0         0         0
ld_34086801     0.2381     0.9919          0          0         0         0
ld_34085286     0.2376     0.9902          0          0         0         0
ld_10574854     0.2353     0.9804          0          0         0         0
ld_10548982     0.2373     0.9889          0          0         0         0
ld_34086794     0.2388     0.9952          0          0         0         0
ld_34085048     0.2343     0.9764          0          0         0         0
ld_20350796     0.2382     0.9925          0          0         0         0
ld_10548968     0.2374      0.989          0          0         0         0
ld_10532911     0.2353     0.9804          0          0         0         0
ld_34097398      0.234     0.9749          0          0         0         0
ld_34085042     0.2355     0.9813          0          0         0         0
ld_20344333     0.2362      0.984          0          0         0         0
ld_10560618     0.2358     0.9826          0          0         0         0
ld_10549285     0.2376       0.99          0          0         0         0
ld_10526890     0.2762     0.9966  0.0007872      0.285   0.00212    0.7677
ld_34097392     0.2365     0.9856          0          0         0         0
ld_34085036     0.2358     0.9826          0          0         0         0
ld_20251419     0.2351     0.9795          0          0         0         0
ld_10560337     0.2397     0.9989          0          0         0         0
ld_10558551     0.2355     0.9813          0          0         0         0
ld_10524061     0.2367     0.9861          0          0         0         0
ld_34096115     0.2404      1.002          0          0         0         0
ld_34086318     0.2375     0.9898          0          0         0         0
ld_34084954     0.2395     0.9979          0          0         0         0
ld_10558545     0.2395      0.998          0          0         0         0
ld_10549263     0.2374     0.9893          0          0         0         0
ld_34095665     0.2385     0.9936          0          0         0         0
ld_34086306     0.2364      0.985          0          0         0         0
ld_34084664     0.2392     0.9969          0          0         0         0
ld_20014991     0.2386     0.9941          0          0         0         0
ld_10559587     0.2337     0.9737          0          0         0         0
ld_10549255     0.2336     0.9733          0          0         0         0
ld_10548940     0.2371     0.9878          0          0         0         0
ld_34095659     0.2368     0.9866          0          0         0         0
ld_34086300     0.2356     0.9815          0          0         0         0
ld_10580378     0.2391     0.9962          0          0         0         0
ld_10549248     0.2369     0.9872          0          0         0         0
ld_10548933     0.2737     0.9877  0.0005962     0.2178  0.001374    0.5021
ld_34086016     0.2399     0.9996          0          0         0         0
ld_34057797     0.2345      0.977          0          0         0         0
ld_10579978     0.2349     0.9788          0          0         0         0
ld_10549241     0.2345     0.9769          0          0         0         0
ld_10548927     0.2409      1.004          0          0         0         0
ld_34095590     0.2408      1.004          0          0         0         0
ld_34054979     0.2354      0.981          0          0         0         0
ld_10559392      0.236     0.9832          0          0         0         0
ld_34095281     0.2352     0.9801          0          0         0         0
ld_10579833      0.239     0.9957          0          0         0         0
ld_10559385     0.2366     0.9857          0          0         0         0
ld_34090007      0.275     0.9922  0.0005706     0.2075  0.001384    0.5033
ld_34085401     0.2387     0.9945          0          0         0         0
ld_34054927     0.2354     0.9808          0          0         0         0
ld_10556735     0.2373     0.9886          0          0         0         0
ld_10548901     0.2786      1.005  0.0002494    0.08953 0.0003376    0.1212
ld_34087256     0.2375     0.9895          0          0         0         0
ld_20437314     0.2346     0.9776          0          0         0         0
ld_10579185      0.234     0.9749          0          0         0         0
ld_10548989     0.2392     0.9967          0          0         0         0
ld_34086802     0.2361      0.984          0          0         0         0
ld_10549309     0.2374      0.989          0          0         0         0
ld_10548983     0.2392     0.9968          0          0         0         0
ld_10541616     0.2373     0.9889          0          0         0         0
ld_40154810     0.2327     0.9697          0          0         0         0
ld_34086796     0.2382     0.9925          0          0         0         0
ld_34085260      0.238     0.9916          0          0         0         0
ld_10558565     0.2344     0.9767          0          0         0         0
ld_10549286     0.2373     0.9888          0          0         0         0
ld_10548961     0.2395     0.9977          0          0         0         0
ld_10528321     0.2366      0.986          0          0         0         0
ld_34097393     0.2358     0.9824          0          0         0         0
ld_34086383     0.2348     0.9783          0          0         0         0
ld_10560338     0.2375     0.9898          0          0         0         0
ld_10549276     0.2353     0.9806          0          0         0         0
ld_10548953      0.239     0.9957          0          0         0         0
ld_34096116     0.2398     0.9992          0          0         0         0
ld_10559735     0.2385     0.9939          0          0         0         0
ld_10548947     0.2378     0.9908          0          0         0         0
ld_34086307     0.2368     0.9866          0          0         0         0
ld_34084665     0.2373     0.9887          0          0         0         0
ld_20014992     0.2372     0.9882          0          0         0         0
ld_10559588     0.2355     0.9814          0          0         0         0
ld_10549258     0.2336     0.9733          0          0         0         0
ld_10548941     0.2372     0.9882          0          0         0         0
ld_34095660     0.2357     0.9819          0          0         0         0
ld_34086301     0.2323     0.9679          0          0         0         0
ld_34084602     0.2348     0.9783          0          0         0         0
ld_34095650     0.2376     0.9901          0          0         0         0
ld_34057798     0.2359     0.9831          0          0         0         0
ld_10580150     0.2694      0.972   0.000965     0.3582  0.001562    0.5799
ld_10559407     0.2371     0.9877          0          0         0         0
ld_34095591     0.2414      1.006          0          0         0         0
ld_34054980     0.2361     0.9837          0          0         0         0
ld_10579845     0.2368     0.9868          0          0         0         0
ld_10559393      0.235     0.9791          0          0         0         0
ld_34085493     0.2369     0.9871          0          0         0         0
ld_34054974     0.2378     0.9908          0          0         0         0
ld_10559386     0.2343     0.9764          0          0         0         0
ld_10558477     0.2352     0.9801          0          0         0         0
ld_10549223     0.2367     0.9864          0          0         0         0
ld_10559057     0.2352       0.98          0          0         0         0
ld_10558215     0.2364      0.985          0          0         0         0
ld_34085402     0.2397     0.9987          0          0         0         0
ld_34054962      0.235     0.9791          0          0         0         0
ld_10556736     0.2358     0.9826          0          0         0         0
ld_10549013     0.2387     0.9945          0          0         0         0
ld_20456673     0.2345     0.9769          0          0         0         0
ld_10579196     0.2379     0.9911          0          0         0         0
ld_10558579     0.2349     0.9787          0          0         0         0
ld_10548992     0.2382     0.9927          0          0         0         0
ld_10545431     0.2366     0.9858          0          0         0         0
ld_34086805     0.2365     0.9854          0          0         0         0
ld_34085312     0.2346     0.9774          0          0         0         0
ld_20409718     0.2412      1.005          0          0         0         0
ld_10549310     0.2373     0.9887          0          0         0         0
ld_34086797     0.2381     0.9919          0          0         0         0
ld_10573495     0.2355     0.9814          0          0         0         0
ld_10549293     0.2371      0.988          0          0         0         0
ld_10548977       0.24          1          0          0         0         0
ld_34085044     0.2392     0.9965          0          0         0         0
ld_10571603      0.235     0.9792          0          0         0         0
ld_10549287     0.2379     0.9913          0          0         0         0
ld_10548962      0.235     0.9792          0          0         0         0
ld_10529606     0.2351     0.9796          0          0         0         0
ld_34097394      0.233      0.971          0          0         0         0
ld_34086384     0.2356     0.9818          0          0         0         0
ld_10560401      0.238     0.9918          0          0         0         0
ld_10558553     0.2369     0.9872          0          0         0         0
ld_10549278     0.2369      0.987          0          0         0         0
ld_10548954     0.2409      1.004          0          0         0         0
ld_34084956     0.2379     0.9912          0          0         0         0
ld_10559783     0.2392     0.9966          0          0         0         0
ld_10558547     0.2344     0.9769          0          0         0         0
ld_10548948     0.2413      1.006          0          0         0         0
ld_10522508     0.2385     0.9938          0          0         0         0
ld_34095667     0.2362     0.9842          0          0         0         0
ld_34084666     0.2395     0.9981          0          0         0         0
ld_10559589     0.2354      0.981          0          0         0         0
ld_10549259     0.2352     0.9801          0          0         0         0
ld_34084616     0.2392     0.9966          0          0         0         0
ld_10559558     0.2328       0.97          0          0         0         0
ld_10549250     0.2365     0.9854          0          0         0         0
ld_34095651     0.2411      1.005          0          0         0         0
ld_10559451     0.2358     0.9825          0          0         0         0
ld_34054992     0.2351     0.9794          0          0         0         0
ld_10579847      0.238     0.9916          0          0         0         0
ld_10559394     0.2349     0.9787          0          0         0         0
ld_34095580     0.2356     0.9818          0          0         0         0
ld_34085951      0.236     0.9833          0          0         0         0
ld_34054975      0.239     0.9957          0          0         0         0
ld_10579840     0.2359     0.9829          0          0         0         0
ld_10559387     0.2365     0.9854          0          0         0         0
ld_34092154     0.2349     0.9785          0          0         0         0
ld_10559090     0.2357     0.9821          0          0         0         0
ld_10548910     0.2381     0.9921          0          0         0         0
ld_34085442     0.2358     0.9823          0          0         0         0
ld_10579829     0.2355     0.9812          0          0         0         0
ld_10558586     0.2359     0.9831          0          0         0         0
ld_10549015     0.2382     0.9924          0          0         0         0
ld_34085352     0.2392     0.9967          0          0         0         0
ld_20456674     0.2341     0.9755          0          0         0         0
ld_10579231     0.2354     0.9808          0          0         0         0
ld_10558580     0.2357     0.9823          0          0         0         0
ld_10552942     0.2371     0.9879          0          0         0         0
ld_10545502      0.234     0.9749          0          0         0         0
ld_34086806     0.2377     0.9903          0          0         0         0
ld_10558573      0.233     0.9707          0          0         0         0
ld_10548985     0.2381      0.992          0          0         0         0
ld_40156536     0.2378     0.9907          0          0         0         0
ld_34085262     0.2382     0.9926          0          0         0         0
ld_10549294     0.2321     0.9673          0          0         0         0
ld_10548979     0.2398     0.9993          0          0         0         0
ld_10540312     0.2692     0.9713  0.0009701     0.3604  0.001566    0.5817
ld_34086410     0.2399     0.9995          0          0         0         0
ld_34085045     0.2402      1.001          0          0         0         0
ld_10529607     0.2361     0.9839          0          0         0         0
ld_34097395     0.2363     0.9845          0          0         0         0
ld_34086400     0.2328       0.97          0          0         0         0
ld_10560402     0.2369     0.9872          0          0         0         0
ld_34096668     0.2367     0.9861          0          0         0         0
ld_34084957     0.2384     0.9933          0          0         0         0
ld_20114730     0.2745     0.9906  0.0006007     0.2188  0.001417    0.5163
ld_10559784     0.2379     0.9911          0          0         0         0
ld_10549266     0.2384     0.9935          0          0         0         0
ld_34095668     0.2401      1.001          0          0         0         0
ld_34086309     0.2351     0.9794          0          0         0         0
ld_34086303     0.2348     0.9783          0          0         0         0
ld_34084661     0.2384     0.9933          0          0         0         0
ld_34095654     0.2385     0.9937          0          0         0         0
ld_34086019     0.2375     0.9895          0          0         0         0
ld_34084591     0.2376     0.9902          0          0         0         0
ld_10559487     0.2332     0.9717          0          0         0         0
ld_10549245     0.2387     0.9947          0          0         0         0
ld_34095643     0.2394     0.9974          0          0         0         0
ld_34055522     0.2344     0.9765          0          0         0         0
ld_10559396     0.2357      0.982          0          0         0         0
ld_10558507     0.2741     0.9892  0.0006578     0.2399  0.001577    0.5751
ld_10549232     0.2405      1.002          0          0         0         0
ld_34095581     0.2387     0.9946          0          0         0         0
ld_34085952     0.2356     0.9817          0          0         0         0
ld_34054976     0.2332     0.9717          0          0         0         0
ld_10559389     0.2373     0.9888          0          0         0         0
ld_10558481     0.2377     0.9906          0          0         0         0
ld_34092234     0.2341     0.9756          0          0         0         0
ld_34085489     0.2368     0.9868          0          0         0         0
ld_10579830     0.2374     0.9893          0          0         0         0
ld_10558471     0.2346     0.9776          0          0         0         0
ld_10548911     0.2383      0.993          0          0         0         0
ld_34090086     0.2348     0.9784          0          0         0         0
ld_34090003     0.2377     0.9903          0          0         0         0
ld_20494025     0.2369     0.9872          0          0         0         0
ld_10579234     0.2352       0.98          0          0         0         0
ld_10558581     0.2349     0.9789          0          0         0         0
ld_10548994     0.2398     0.9992          0          0         0         0
ld_10545682     0.2385     0.9939          0          0         0         0
ld_34085321     0.2373     0.9888          0          0         0         0
ld_10558575     0.2355     0.9813          0          0         0         0
ld_10549312     0.2349     0.9789          0          0         0         0
ld_10548986      0.241      1.004          0          0         0         0
ld_10542412     0.2357     0.9821          0          0         0         0
ld_34085263     0.2381     0.9922          0          0         0         0
ld_20396677     0.2735     0.9869  0.0007176     0.2624  0.001578    0.5768
ld_34085046     0.2369      0.987          0          0         0         0
ld_10558562     0.2361      0.984          0          0         0         0
ld_10549289      0.236     0.9834          0          0         0         0
ld_10548965     0.2764     0.9974  0.0002924     0.1058 0.0004489    0.1624
ld_10529608     0.2378     0.9908          0          0         0         0
ld_34097396     0.2352       0.98          0          0         0         0
ld_34086401     0.2334     0.9724          0          0         0         0
ld_34085040     0.2368     0.9865          0          0         0         0
ld_20344331      0.236     0.9834          0          0         0         0
ld_10548956     0.2397     0.9988          0          0         0         0
ld_10525295     0.2349     0.9788          0          0         0         0
ld_34086324      0.234     0.9749          0          0         0         0
ld_20122385     0.2359      0.983          0          0         0         0
ld_10549269     0.2364     0.9848          0          0         0         0
ld_10548950     0.2389     0.9952          0          0         0         0
ld_10523032     0.2355     0.9814          0          0         0         0
ld_34086310     0.2352     0.9799          0          0         0         0
ld_34084952     0.2365     0.9855          0          0         0         0
ld_20028685     0.2339     0.9747          0          0         0         0
ld_10559591     0.2369     0.9872          0          0         0         0
ld_10549261     0.2368     0.9865          0          0         0         0
ld_10558523     0.2405      1.002          0          0         0         0
ld_10548938     0.2374     0.9894          0          0         0         0
ld_34095655     0.2369     0.9871          0          0         0         0
ld_10548931     0.2366     0.9857          0          0         0         0
ld_34057718     0.2406      1.003          0          0         0         0
ld_10559398      0.236     0.9832          0          0         0         0
ld_10558509     0.2387     0.9945          0          0         0         0
ld_10549239     0.2371     0.9879          0          0         0         0
ld_34095588     0.2381     0.9923          0          0         0         0
ld_34085953     0.2346     0.9777          0          0         0         0
ld_10559390     0.2364     0.9852          0          0         0         0
ld_10549226     0.2362     0.9841          0          0         0         0
ld_34085490     0.2338     0.9743          0          0         0         0
ld_34054971     0.2349     0.9787          0          0         0         0
ld_10579831     0.2363     0.9848          0          0         0         0
ld_34090753     0.2389     0.9955          0          0         0         0
ld_34085462     0.2359      0.983          0          0         0         0
ld_34054965      0.238     0.9917          0          0         0         0
ld_10558646     0.2376       0.99          0          0         0         0
ld_10556739     0.2361     0.9835          0          0         0         0
ld_10549018     0.2366     0.9859          0          0         0         0
ld_34090004     0.2785      1.005  0.0002777    0.09971 0.0004561    0.1638
ld_34085371     0.2391     0.9964          0          0         0         0
ld_20494026      0.236     0.9834          0          0         0         0
ld_10579373     0.2364     0.9851          0          0         0         0
ld_10558582     0.2354      0.981          0          0         0         0
ld_34087254     0.2347     0.9778          0          0         0         0
ld_34085340     0.2355     0.9814          0          0         0         0
ld_20416460     0.2412      1.005          0          0         0         0
ld_10558576     0.2369     0.9871          0          0         0         0
ld_10549313      0.239     0.9959          0          0         0         0
ld_34086800     0.2366     0.9859          0          0         0         0
ld_34085264     0.2387     0.9945          0          0         0         0
ld_10548981     0.2379     0.9911          0          0         0         0
ld_10540314     0.2731     0.9856  0.0007177     0.2628  0.001578    0.5776
ld_34086415     0.2382     0.9924          0          0         0         0
ld_34085047     0.2361     0.9836          0          0         0         0
ld_20344372      0.235     0.9792          0          0         0         0
ld_10573328     0.2367     0.9861          0          0         0         0
ld_10549290     0.2362     0.9843          0          0         0         0
ld_34086402     0.2389     0.9955          0          0         0         0
ld_34085041     0.2354     0.9806          0          0         0         0
ld_20344332      0.237     0.9875          0          0         0         0
ld_10560616     0.2362     0.9841          0          0         0         0
ld_10558557     0.2362     0.9843          0          0         0         0
ld_10526702     0.2387     0.9945          0          0         0         0
ld_34097297     0.2356     0.9817          0          0         0         0
ld_34085035     0.2362     0.9841          0          0         0         0
ld_20251418      0.237     0.9873          0          0         0         0
ld_10560281     0.2369     0.9873          0          0         0         0
ld_10558550      0.236     0.9832          0          0         0         0
ld_34096113     0.2393     0.9969          0          0         0         0
ld_34084953     0.2378     0.9908          0          0         0         0
ld_10559592     0.2383     0.9928          0          0         0         0
ld_10558544     0.2348     0.9784          0          0         0         0
ld_10548945     0.2355     0.9811          0          0         0         0
ld_34084663     0.2375     0.9895          0          0         0         0
ld_10585091     0.2361     0.9837          0          0         0         0
ld_10559574     0.2379     0.9913          0          0         0         0
ld_10548939     0.2342      0.976          0          0         0         0
ld_34095658     0.2366     0.9856          0          0         0         0
ld_34086299     0.2369     0.9872          0          0         0         0
ld_10559507     0.2337     0.9738          0          0         0         0
ld_34057775     0.2351     0.9797          0          0         0         0
ld_34054978     0.2356     0.9818          0          0         0         0
ld_10579843     0.2368     0.9865          0          0         0         0
